31134
31161
31276
31355
31468
31482
31863
31885
31915
31928
31942
31979
32013
32301
32755
33049
33397
33465
33469
33480
33484
33692
33779
34105
34353
34502
34621
34761
34770
34783
34788
34979
34984
34989
35014
35024
35029
35039
35467
35504
35576
35725
35745
35773
36540
36559
37190
38678
38696
39190
39468
39583
39596
39749
39772
39969
39973
39996
40012
40172
40191
40223
40248
40254
40269
40292
40297
40323
40392
40404
40692
40863
40962
40966
42249
42292
42518
42992
45192
45250
45726
45894
45920
46426
47023
47889
47907
47944
48954
49727
49748
50434
50533
51010
51046
51101
51123
51131
51567
51598
51863
51902
51939
51981
51989
52022
52066
52075
52080
52120
52129
54702
54739
55930
58054
59169
59174
59202
59561
59615
59704
59818
59835
59854
59863
59891
59923
59955
60008
60030
60451
60483
60664
60692
62198
62205
62224
62368
62574
62579
62621
62924
62965
62974
63041
63050
63297
63315
63325
63445
63531
63538
63543
63546
63574
63592
63601
63610
63619
63725
63806
63828
64025
64082
64095
64100
64109
64116
64134
64161
64218
64228
64242
64251
64260
64278
64287
64314
64323
64346
64356
64374
64556
64575
64590
64595
64604
64609
64681
64741
64750
64755
64818
64827
64840
64912
64929
64938
64965
65034
65041
65047
65064
65077
65082
65167
65187
65268
65390
65424
65464
65483
65561
65566
65577
65620
65694
65707
65730
65833
65846
65856
65874
65883
65902
65908
65931
65938
65952
65971
65975
65989
66009
66069
66213
66230
66241
66248
66255
66262
66300
66362
66386
66397
66418
66436
66536
66556
66608
66617
66630
66635
66664
66672
66687
66692
66707
66712
66722
66731
66745
66754
66759
66773
66778
66792
66806
66815
66945
66950
66968
66977
67010
67015
67066
67075
67088
67097
67104
67128
67275
67509
67668
67729
67771
67871
67876
67899
67928
67941
67958
67969
67997
68006
68032
68056
68067
68072
68107
68428
68433
68438
68456
68467
68474
68513
68522
68534
68538
68590
68769
68780
68951
69569
69574
69587
70639
70661
70667
70680
70710
70760
70867
70909
70914
71280
71289
71312
71332
71340
71412
71434
71451
71463
71486
71527
71536
71549
71558
71571
71588
71592
71599
71606
71615
71633
71642
72162
72179
72195
72204
72212
72241
72246
72260
72343
72361
72372
72508
72517
72540
72565
72587
72783
72821
72895
72900
72909
72935
73037
73049
73057
73218
73338
73511
73570
73579
73584
73591
73609
73631
73881
73895
73903
73910
73946
73989
74023
74174
74217
74240
74245
74250
74257
74293
74302
74315
74321
74367
74411
74429
74487
74509
74550
74627
74656
74666
74671
74681
74684
74691
74712
74721
75066
75092
75111
75128
75284
75300
75336
75394
75401
75447
75462
75642
75651
76583
76592
76606
76615
76640
76649
76658
77062
77069
77083
78645
78654
78668
78700
78736
78745
78754
78765
78778
78787
78796
78805
78818
78857
78869
78885
78935
78969
78985
79012
79062
79075
79115
79126
79139
79140
79153
79162
79171
79191
79275
79318
79364
79382
79525
79532
79550
79599
79604
79611
79695
79723
79742
79766
79784
79813
79908
79913
79922
79943
79977
79994
80016
80132
80143
80170
80187
80221
80230
80298
80343
80356
80370
80388
80415
80634
80659
80664
80667
80713
80718
80732
80880
80894
80899
80908
81312
81321
81348
81357
81387
81396
81418
81423
81445
81453
81463
81472
81547
81563
81620
81851
81883
81892
81910
81937
81981
82120
82162
82171
82205
82306
82313
82323
82336
82351
82378
82527
82566
82619
82629
82642
82664
82691
82721
82989
83003
83012
83184
83325
83376
83380
83389
83521
83542
83771
83789
83797
83849
83861
85482
85499
85506
85519
85524
85542
85547
85594
85612
85659
85689
85699
85925
85943
85990
86013
86030
86035
86040
86050
86097
86120
86132
86166
86188
86197
86213
86368
86652
86661
86666
86691
86797
86948
86965
86970
86996
87005
87027
87046
87055
87073
87098
87111
87132
87145
87166
87204
87324
87518
87556
87579
87597
87613
87622
87726
87735
88024
88036
88065
88086
88095
88141
88164
88169
88252
88279
88288
88295
88302
88361
88372
88478
88531
88559
88563
89046
89089
89550
89582
89607
89626
89671
89757
89769
89774
89779
89803
89821
89888
89948
90019
90026
90546
90558
90566
90916
90925
90999
91010
91020
91043
91057
91078
91189
91224
91294
91395
91404
91422
91438
91441
91450
91468
91473
91483
91650
91654
91659
91669
91674
91708
91756
91761
91766
91797
91824
91842
91873
91932
91935
91942
91972
91985
92066
92079
92092
92146
92160
92169
92187
92194
92210
92238
92249
92253
92296
92415
92441
92559
92682
94368
94377
94387
94397
94401
94405
94520
94525
94541
94563
94683
94809
94830
94854
94946
94949
95628
95645
95667
95674
96010
96079
96119
96145
96150
96202
96218
96248
96261
96293
97039
97090
97097
97106
97116
97152
97164
97177
97287
98747
98759
98772
98795
98841
98845
99058
99086
99095
99122
99141
99191
99205
99210
99224
99265
101358
101371
101389
101425
101445
101450
101498
101747
101774
101942
101977
101982
102072
102120
102132
102195
102365
102378
102396
102405
102459
102468
102476
102485
102495
102516
102543
102555
102657
102711
102756
102770
102820
102840
103276
103296
103308
103313
103501
103508
103629
103636
103645
103663
103691
104357
104372
104380
104401
104411
104471
104507
105303
105317
105351
105448
105481
105750
105759
105766
105800
105942
105949
105963
105970
106222
106446
106451
106458
106467
106514
106537
106542
106576
106612
106621
107717
107726
107742
107759
107907
107975
107985
108040
108286
108336
108348
108435
108445
108482
108571
108738
109144
109171
109412
109492
109524
109533
109915
109925
109956
109968
109973
109983
111187
111236
111278
112184
112193
112202
112207
112212
112221
112239
112246
112253
112262
112319
112398
112448
112494
112547
118867
118871
120251
120278
120285
120431
120446
120451
120469
120503
120535
120580
120618
120746
120789
120798
120811
120994
121003
121117
121126
121135
121247
121377
121395
121422
121440
121461
121523
121527
121570
121579
121587
121591
121632
121637
121644
121653
121666
121684
121712
121719
121728
121735
121742
121756
121763
121776
121794
121831
121849
121858
121874
121952
121970
122123
122132
122248
122338
122354
122364
122622
122635
122649
122678
122689
122726
122791
122796
122809
122818
122823
122843
122963
123110
123119
123142
123149
123160
123253
123310
123337
123346
123502
123506
123516
123520
123536
123614
123617
123644
123694
123708
123740
123749
123776
123803
123840
123847
123854
123895
123908
123978
123986
124026
124040
124060
124069
124083
124115
124120
124138
124165
124179
124258
124267
124306
124328
124335
124430
124494
124525
124530
124682
124718
124778
125006
125020
125038
125160
125169
125187
125929
125941
125963
128538
128556
128565
128780
129174
129183
129232
129277
129313
129322
129340
129349
129571
129615
129620
129672
129868
130054
130072
130118
130179
130199
130204
131975
132197
132206
132261
132325
132330
132341
132388
132397
132415
132424
132633
132779
133151
133390
133399
133406
133413
133465
133479
133486
134072
134215
134516
134637
134657
134682
134693
134796
134908
135224
135227
135245
135583
135775
135788
136099
136188
136193
136220
136246
136698
136716
136742
136754
137001
137218
137223
137267
137280
137289
137997
138005
138011
138030
138121
138627
138792
138806
139026
139198
139235
139246
139266
139287
139311
139416
139891
140722
140739
140791
141167
142001
142021
142027
142061
142068
142098
142150
142159
142353
142362
142452
142469
142493
143116
143178
143348
143462
143484
143491
143501
143520
143563
143615
143628
143632
143667
143732
143741
143851
147855
148209
148227
148249
149474
149483
149510
149641
149650
149735
149749
149780
149789
149798
149807
150214
151098
151107
151126
151146
151199
151204
151284
151293
151303
151319
151328
151337
151360
151374
157017
157026
160035
160059
160086
160184
160200
160245
160555
160573
160580
160587
160680
160835
160847
162021
162073
162076
162106
162111
162140
162180
162191
162265
162301
162319
162337
162363
162368
162425
162498
162523
162539
162633
162637
162693
162700
162707
162728
162770
162775
162792
162810
162819
162904
162929
162956
162978
162991
163000
163032
163136
163145
163158
163172
163184
163322
163393
163709
163814
163824
163841
163861
164196
165309
165329
165334
165343
165366
166848
166857
166898
166921
166930
166948
166966
166975
166999
167014
171106
171124
171142
171155
171350
171375
171380
171389
171398
171407
171812
171821
171830
171837
171847
171854
171864
171873
171886
172020
172033
172056
172083
172393
172403
174833
174872
176217
176222
176249
176267
176275
176283
176861
176951
176961
176966
176971
176976
200385
200416
200425
200434
200452
200461
200471
201479
201561
203393
203402
203693
203713
203728
203733
203754
203764
203776
203785
204060
204081
204090
204113
204121
204276
204288
204322
204345
204373
204800
204809
204818
204863
204870
204879
204905
204910
204923
205471
205476
205492
205570
205579
205592
217672
217701
217710
217761
217770
217906
217935
217953
218319
218354
218363
218372
218405
218418
218427
218627
218752
218790
222771
222952
222971
223244
223249
223453
225368
225569
228529
228533
229290
229309
229316
229318
229331
232858
233454
233456
234641
234662
236986
236995
236999
238670
241350
241352
241362
241368
241804
242881
242889
242895
244945
248620
248644
248652
248685
254762
254817
255425
255427
258641
258643
258645
258651
258678
258701
258705
258711
258713
260265
263719
265209
265221
265223
265230
265238
272657
272668
272683
272687
272730
272744
272752
272762
272766
272778
272780
272792
272794
272802
272804
272826
272828
272830
272833
272834
272846
272848
272854
274522
274524
274532
274551
274555
274557
274696
274705
274707
274709
274711
274713
274717
275406
275410
275414
275419
275422
275424
275454
275464
275482
275488
275499
277027
277033
277064
277072
277076
277084
277557
277749
277753
277763
278240
278309
278319
280576
280580
280601
280605
280620
280643
280650
280654
280907
280909
280911
281380
281382
281389
281440
281447
281831
281857
281891
281917
282665
282678
282686
282708
282726
283944
285143
285147
285149
285151
285153
285915
285919
285921
285923
286652
286654
286662
286664
286672
286681
288875
288889
288891
288893
288895
288897
288899
288917
288925
288927
288931
288937
288939
288949
290924
290934
290938
290947
290949
290961
290974
290994
290998
291016
291057
291067
291867
291872
291874
291876
291880
291890
291892
291898
291905
291909
291911
291915
291919
291921
291935
293676
293687
293695
293697
293699
293701
293703
293705
293709
293713
293729
293731
293733
293743
293755
294742
294744
294756
294769
294782
294784
294791
294797
294799
294801
294805
294810
294815
294829
294834
294863
295857
295873
295875
295893
295905
295914
295923
295937
296284
296296
296304
296306
296319
296351
296420
296421
296517
296534
296537
296543
296545
296549
296582
296586
296588
296799
296808
296991
296995
297037
297041
297277
297308
297312
297591
297603
297609
297625
297633
297637
297659
297666
297863
297867
297869
297891
297896
298276
298281
298435
298437
299211
299213
299215
299220
299226
299236
299242
299245
299247
299253
299259
299274
299276
299278
299290
299292
299294
299306
299324
299326
299328
299338
299344
299354
300246
300275
300282
300511
300938
300958
305407
305437
305443
305464
305470
305512
305515
305521
305523
305527
305531
305533
305535
305537
305607
306734
306770
308051
308061
308069
308071
308074
308076
308078
308090
308092
308094
308112
308114
308116
312665
312698
312701
312759
312761
312765
312775
312777
312785
312789
312792
312794
312836
312840
313647
313669
313676
313686
313702
314441
314443
314445
314447
314449
314468
314473
314475
314480
314484
314494
314506
314510
314520
314522
314530
314540
314542
314551
314553
315330
315332
315334
315342
315366
315368
321262
321310
321314
321329
321350
321354
321360
321362
321447
321457
321460
321462
322256
322262
322290
322300
322307
322309
322313
322315
322323
322329
322337
322455
322457
322459
322465
322473
322517
322521
322552
322573
322596
322652
322665
322667
322900
322906
322941
322943
322981
323000
323026
324457
326551
326571
326574
326612
326642
326661
327057
331783
331804
331818
331849
331855
332409
332495
334078
334093
334103
334105
334129
334138
334146
334154
334159
334161
334163
334165
334167
334169
334171
334186
334480
334496
334501
335388
335390
335392
335414
335428
335435
335921
335927
335929
335931
335936
335938
335942
335944
335946
335966
337447
337449
337451
337453
337456
337467
337497
337499
337501
337505
337512
337519
337525
337527
337549
338590
338592
338594
338598
338638
338640
338642
338648
338653
338671
338675
338713
338717
338720
338755
338761
339147
339155
339171
339177
340468
340474
340478
340480
340482
340484
340486
340488
340494
340496
340512
340516
340523
340531
340533
340535
340541
340543
340545
340551
340563
340565
340575
340857
340876
340883
340885
340903
340909
340919
340924
342392
342428
342443
342451
342471
342473
342487
342491
342493
342502
342504
342510
342524
342526
342548
342562
342630
342631
348891
349226
349228
349232
349248
349254
349256
349265
349267
349273
349288
349290
349296
349300
349333
349341
349347
349359
349361
349363
349373
349375
349377
349516
349525
349533
349537
349539
349546
349548
349575
349577
349579
349581
349585
349587
349589
349593
349595
349601
349605
349621
349627
349631
349641
349643
349696
349700
349702
349704
349707
349716
349721
349725
349789
349791
349802
349862
349899
349912
350234
350237
350240
350252
350259
350360
350366
350369
350386
350447
350449
350461
350465
350477
350481
350486
350499
350682
350687
350705
350718
350720
350722
350724
350726
350730
350746
350748
350750
351348
351353
351384
351387
351398
351400
351440
351442
351515
351519
351533
351536
351542
351544
351550
351552
351962
351969
351978
351984
351990
351999
352012
353188
353876
353879
353881
355898
357677
357692
357704
357718
357740
357745
357752
357753
357769
357773
357862
357864
357870
357887
357892
357906
357912
357918
357954
357962
358022
358024
358028
358030
358032
358043
358046
358064
358066
358068
358070
358088
358092
358181
358184
358185
358187
358190
358192
358208
358210
358268
358292
358310
358345
358347
358351
358365
358371
358477
358495
358511
362850
362852
362863
362865
362870
362880
362904
362945
362959
362961
362967
362969
362977
362981
362985
363022
363024
363026
363028
363030
363032
363034
363036
363043
363047
363051
363053
363203
363207
363215
363217
363219
363223
363227
363229
363231
363233
363235
363268
363270
363284
363286
363302
363325
363327
363338
363340
364640
364642
364660
364665
364669
364673
368956
369052
369055
369091
369173
369179
369181
369196
369202
369366
369368
369370
369379
369481
369485
369493
369498
369508
369602
369604
369606
369608
369610
369612
369697
369699
369701
369969
369994
369997
370013
370015
370026
370028
370067
370069
370071
370075
370083
370172
370179
370203
370231
370255
371215
371234
371240
371242
371246
371331
371366
371443
371445
371569
371601
371626
371678
371729
371731
371733
371735
371815
371817
371823
371827
371901
371903
371905
372037
373113
373190
373192
373201
373205
374462
374465
374470
374488
374493
374592
374614
374621
374625
374629
374675
374707
375634
375636
375650
375875
375887
375904
375913
375916
375996
376826
376840
376856
376858
376898
376900
376902
376904
376953
376985
377012
377014
377046
377050
377085
377159
377161
377165
377191
377195
377197
377201
377203
377473
377477
377481
377488
377740
377883
377887
377928
378450
378454
379070
379077
379079
379550
379934
379959
379969
382258
382260
384804
384806
384823
384825
384829
387872
387873
387895
388246
388308
388315
388382
388404
388406
388411
388424
388426
388428
388435
388437
388439
388443
388445
388464
388466
388475
388526
388531
388558
388575
388824
388832
388913
388919
388929
389134
389141
389149
389159
389167
389172
389177
389179
389931
389938
389943
389945
391066
391088
391090
391094
391096
391102
391119
391121
392139
392145
392147
392151
392159
392165
392353
392365
392416
392420
392424
393660
394756
394762
394764
394772
395048
396354
398090
398093
398103
398108
398110
398112
398115
398120
398122
398124
398126
398130
398149
398167
398171
398173
398179
398183
398185
398187
398191
398193
398195
398203
398205
398207
398209
398261
398271
398279
398283
398317
398325
398331
398335
398339
398343
398347
398349
398356
398358
398370
398378
398388
398390
398394
398396
398398
398409
399863
399865
399883
399892
399896
399902
400446
400479
400484
400485
400487
400493
400497
400499
400994
401949
401951
401981
402001
402032
402036
402038
402040
402044
402046
402048
403730
403733
403737
403739
403741
403744
403749
403751
403754
403756
403759
403761
403768
404285
404304
404321
408314
408329
408343
408345
408347
408389
411293
411325
411351
411353
412276
412286
412307
412390
412392
412935
412940
412942
413083
413085
413087
413091
413097
413099
414365
414369
414583
414585
415579
415791
415801
415814
415816
415824
415834
415836
415838
415840
415844
415850
415854
415975
415994
416001
416005
416007
416009
416015
416017
416019
416021
416022
416024
416032
416034
416037
416041
416054
416056
416058
416065
416071
416073
416079
416082
416094
416096
416100
416108
417075
417079
417081
417083
417086
417090
417092
417095
417101
418704
418720
418777
418781
418785
418793
418795
420265
420267
420283
421239
421248
421255
421263
421275
421278
421282
421284
421286
422844
422846
422849
423839
423861
423863
423865
423869
423874
423876
424044
424046
424051
424053
424055
424731
424741
424743
424960
424962
424968
427837
427838
427959
427963
427971
427973
430239
430243
430245
430247
430249
430883
430887
431480
431631
431637
431639
431650
431681
431686
431689
431690
431719
431753
431755
431777
431802
431807
431813
431815
431820
431840
431841
431843
431849
431855
431859
431861
431863
432182
432183
432185
432195
432197
432201
432426
432428
432430
432435
432439
432441
432704
432731
432735
432737
432739
432746
432753
432755
432757
432759
432761
432763
432765
432783
432785
432787
432792
432794
432798
432831
434251
434257
434293
434932
435932
436803
436805
436812
436816
436817
436819
436822
436823
437407
437687
437694
437705
438118
438131
439318
439320
439366
439904
440493
440495
440497
440499
440503
440505
440930
440932
442447
442455
442457
444081
446711
448290
448292
448294
451332
451338
451340
451368
461137
461142
461144
466135
466137
466145
466149
466165
466167
467240
468855
468856
468858
468862
468866
470399
470409
474190
474208
474218
474234
474235
474870
477203
477228
477232
480263
480265
488738
488750
488755
488787
488792
488820
492186
494170
498006
498009
498015
498017
498058
498066
498068
498077
500224
500228
500232
500234
500242
503715
503718
503722
506271
506274
506279
506280
506288
506294
506366
510003
510013
510018
510020
525795
525918
525976
541292
541294
544716
544719
544723
544728
544747
557504
557506
557515
557518
557521
570691
585819
594034
598176
598180
598184
598186
598189
598207
598213
598229
598489
599512
666341
666345
696382
696386
721278
721297
721349
721350
721351
722153
722827